724
8 15
518 525
20 27
114 162
51 88
543 553
91 94
392 408
108 118
726 770
169 204
454 455
183 242
977 12
249 262
339 341
263 289
847 894
344 372
150 153
409 470
413 415
469 471
619 721
511 521
307 318
581 615
513 617
661 795
714 735
744 796
867
797 814
47 65
837 861
155 195
995 10
779
26 31
44 67
101 105
813 817
200 243
833 835
256 386
665 686
401 402
313
438 447
840 846
458 461
637 660
475 481
72 99
522 524
327 376
620 670
394 410
740 751
160 163
856 873
407 414
885 929
182 188
960 982
789 816
991 993
424 452
49 52
314
130 133
359 366
137 138
30 32
231 236
881 932
270 304
572 583
368 383
371 388
422 444
494 544
482 537
952 973
674 701
81
703 716
765 800
808 858
707
832 912
563 579
956 988
573 609
40 80
171 226
93 115
259 285
129 134
866 879
144 147
36 61
156 157
459 474
297 321
915 937
330 345
758 769
443 490
697 705
562 571
273 290
612 625
801 825
643 653
728
662 675
510 607
760 794
45
841 853
664 681
862 872
76 95
891 903
930 949
947 953
622 624
984 6
528 534
18 124
211
146 151
608 630
165 173
355 373
199 227
689 695
244 252
488
336 350
588
365 382
530
405 426
116 128
434 437
5
547 566
957 958
737 763
533
805 857
484 487
920 943
478 492
96 102
320
123 126
582 585
168 172
338 353
198 238
818 834
234 250
495 501
266 288
89
375 465
651 657
503 517
294
590 595
710 759
684 711
965 996
715 753
688
774 810
934 990
838 876
786
967 2
773 793
46 55
676 698
59 71
754
143 218
241
223 271
196
280 331
187
385 390
125
428 464
628 709
529 545
300
577 580
599 601
871 882
28
911 918
83
919 927
594
22
775
78
286
109
820
113
287
127
217
154
828 868
179
161 206
197
66 82
219
924
260
0 37
416
888
472
725
497
337 343
546
85 119
550
139
557
509
567
23
638
706
645
149
723
499
732
504
745
451
761
479
771
560
802
962
836
214 215
890
899
969
928 961
57 58
632 636
131 158
746
224 246
87
248 257
631 633
269 335
281
384 432
251
498 535
202
666 668
954
717 720
277
731 781
9
806 824
913
897 910
729
13
606
19
896
38
423
50
181
145
768
201
466 476
216
468
247
255
254
718
275
586 589
301
736
329
972
367
302
381
848
387
974 979
404
370
480
951
508
539
555
561
559
887
576
782 788
623
502
654
549
739
4
799
167
877
532
889
950
939
512 558
942
166
964
605
994
193
981 64
433
11
921
34
175 185
90
79 84
92
191 237
103
439
148
411
228
450
296
68 69
348
551
349
777
360
473
364
644
429
648
457
803
467
815
485
596
541
677
616
755
629
946 968
679
819
704
898 904
756
618 634
757
883 884
792
855
830
417 419
864
997
880
922
923
323
963
673 683
86 117
347
264 291
3
295 395
614
310 399
635 659
527 542
564 568
548 552
463
685 700
940 941
752 762
389
901 909
516
21
860
35
358
48
906
70
265
98
140
106
500
208
852
292
907
305
613
456
900
462
712
507
190 207
627
203
641
992
905
41
926
603 696
936
678
986
584
25
602
111
554
120
844
159
578 587
189
724
245
210
272
987
352
798 892
361
778
391
908
393
902 916
435
268
436
845
570
743
610
970
650
812
663
870
671
328
708
886
831
496 523
878
829
944
221 253
998
398 403
53 54
378
97 104
486
152 180
598 600
306 322
713
324 363
945 980
418 427
699 749
445 449
369
750 783
931
39
29
60
233
73
396
142
178
225
229
232
400
261
311
267
692
278
299
279
719
284
597
362
440
406
446
421
787
430
333
442
213
460
823
483
935
526
604
669
865
687
849
821
640
863
591
978
722
7
174
24
100
62
222
63
505
177
933
212
851
240
565
274
309
283
536
319
656
514
869
593
303
682
727
693
917
776
315
804
827
811
209
839
121
850
652
875
453
925
702
975
332
1
298
75
239
77
809
136
312
184
672
186
785
342
425
346
377
356
334
412
680
489
110
491
893
519
235
520
983
540
611
574
807
658
667
690
790
733
230
742
822
791
326
826
493
842
592
874
164
895
575
74
112
107
258
132
176
205
374
293
938
316
621
325
441
340
859
351
357
379
854
397
741
431
556
515
569
531
976
538
647
655
649
730
308
747
955
843
966
914
448
14
43
16
135
33
477
42
276
141
646
192
642
317
691
766
784
